# manuscript.pdf
16 0
5 0.0
10 0.00
21 0.01
17 0.02
15 0.03
8 0.04
12 0.05
4 0.06
7 0.07
4 0.08
6 0.09
3 0.1
13 0.10
12 0.11
9 0.12
6 0.13
12 0.14
7 0.15
6 0.16
4 0.17
3 0.18
6 0.19
7 0.2
3 0.20
5 0.21
1 0.22
2 0.23
5 0.25
4 0.26
2 0.28
1 0.29
4 0.30
1 0.31
5 0.33
3 0.34
5 0.36
2 0.38
1 0.39
8 0.4
1 0.42
1 0.44
1 0.45
1 0.46
9 0.5
2 0.50
2 0.53
1 0.55
1 0.56
3 0.59
8 0.6
2 0.60
4 0.61
1 0.62
2 0.64
1 0.66
6 0.67
1 0.68
5 0.7
1 0.70
1 0.72
2 0.73
1 0.74
3 0.76
2 0.77
3 0.78
2 0.79
8 0.8
2 0.80
2 0.81
1 0.82
7 0.83
2 0.84
6 0.85
2 0.86
1 0.87
3 0.89
10 0.9
4 0.90
1 0.92
4 0.93
12 0.94
23 0.95
2 0.96
1 0.97
4 0.98
2 0.99
1 0194590
1 031
39 1
1 1,000
13 1.0
2 1.01
2 1.11
1 1.18
1 1.2
2 1.43
9 1.5
1 1.7
28 10
1 10.1002
1 10.1007
1 10.1016
1 10.7554
13 100
3 1000
1 1003
1 1007
2 101069
1 103
1 103580
4 11
1 117
3 12
5 13
1 1325
1 1334
1 1351
1 1361
1 14
1 14,15
1 15
1 150
1 1500
5 16
1 16434
1 168
3 17
1 17.0
2 18
1 18,19
1 1804.06788
2 19
1 196
1 1988
1 1993
31 2
1 2,592
1 2.08
1 2.29
1 2.4
1 2.5
22 20
2 200
2 2011
1 2012
1 2014
4 2017
2 2018
1 2019
2 2020
2 2021
2 2022
1 2024
1 2025
1 2025.103580
2 2026
2 21
1 22
1 22.2
1 2250
1 2265
1 2373
1 2387
1 24
1 265
1 269
1 27
1 29
12 3
1 3,200
4 3.0
1 3.28
1 3.3
1 3.4
1 3.40
2 30
1 30055
1 30062
1 312
1 32
1 321
12 4
1 4.8
11 40
1 400
1 41
1 411
1 420
1 45
1 48
1 49
1 497
6 5
3 5.0
8 50
5 500
1 505
1 52
2 5232
2 54.7
1 57
5 6
1 6,9
1 60
1 600
2 64
3 69
1 69.5
5 7
1 70227
2 71
1 75
1 76
1 766
1 776
1 78
1 79
4 8
1 80
1 800
1 81.2
1 81.4
1 83
2 86
1 864
1 874
1 881
2 9
1 97.5
1 978
3 99.9
# supplement.pdf
4 0
3 0.0
1 0.00
6 0.01
3 0.02
2 0.03
1 0.033
3 0.04
7 0.05
3 0.06
3 0.08
6 0.1
3 0.10
3 0.12
3 0.14
4 0.2
1 0.20
1 0.21
1 0.27
1 0.30
1 0.38
4 0.4
1 0.41
1 0.46
6 0.5
1 0.59
1 0.594
4 0.6
4 0.8
1 0.85
4 0.95
1 0.97
1 0.988
1 0.99
2 0.993
9 1
15 1.0
6 1.5
17 10
10 100
1 101
1 11.0
1 15
1 150
3 16
1 16.7
1 1618
1 169
1 19.84
1 1997
15 2
1 2,000
10 20
2 200
6 3
6 3.0
3 30
2 300
5 4
1 4.3
2 40
2 400
1 41
2 49
5 5
6 5.0
11 50
2 500
2 500,000
1 512
2 54.7
2 6
1 60
2 600
1 69
1 69.5
1 700
1 75
1 76.3
4 8
1 800
